4
4 2 73
3 6 1
3 7 1
3 19 3
4 24 147
1 15 40
4 5 2
4 22 114
4 4 2
3 13 12
1 23 112
2 23 154
3 5 1
3 4 3
2 1 123
1 20 66
4 23 254
4 12 15
4 16 76
4 1 121
1 12 8
3 3 2
1 19 76
2 14 54
3 12 9
4 17 89
2 19 82
2 3 12
1 2 53
3 2 68
4 21 54
2 21 67
4 3 43
2 4 4
3 15 32
1 13 31
4 13 32
3 14 15
3 17 15
2 15 22
2 18 45
4 19 54
2 20 85
2 16 45
1 21 87
2 13 35
3 18 12
4 18 45
1 18 72
1 14 25
1 11 23
1 17 65
3 16 22
4 10 4
2 17 75
2 22 99
1 1 155
1 4 3
4 11 4
4 15 67
1 22 96
2 24 164
1 24 121
2 12 7
4 6 2
4 14 41
2 2 45
4 20 57
1 3 2
1 16 66
