1111111111 1 aaaaaaaaaa 4 100
1111111111 1 bbbbbbbbbb 4 1000
1111111111 1 cccccccccc 4 2000
1111111111 1 dddddddddd 4 1000
1111111111 1 eeeeeeeeee 4 2000
2222222222 1 ffffffffff 4 3000
2222222222 1 gggggggggg 4 4000
2222222222 1 hhhhhhhhhh 4 1000
2222222222 2 iiiiiiiiii 4 2000
2222222222 2 jjjjjjjjjj 4 3000
2222222222 2 kkkkkkkkkk 4 2000
2222222222 3 llllllllll 4 1000
2222222222 3 mmmmmmmmmm 4 1000
2222222222 4 oooooooooo 4 1000
2222222222 4 pppppppppp 4 1000
zzzzzzzzzz 0 zzzzzzzzzz 0 0
